single_colour <- "#28A197"
two_colours <- c("#28A197", "#801650")